50
 0.7095    0.4289    0.3046    0.1897    0.1934    0.6822    0.3028
 0.5417    0.1509    0.6979    0.3784    0.8600    0.8537    0.5936
 0.4966    0.8998    0.8216    0.6449    0.8180    0.6602    0.3420
 0.2897    0.3412    0.5341    0.7271    0.3093    0.8385    0.5681
 0.3704    0.7027    0.5466    0.4449    0.6946    0.6213    0.7948
 0.9568    0.5226    0.8801    0.1730    0.9797    0.2714    0.2523
 0.8757    0.7373    0.1365    0.0118    0.8939    0.1991    0.2987
 0.6614
 0.2844    0.4692    0.0648    0.9883    0.5828    0.4235    0.5155
 0.3340    0.4329    0.2259    0.5798    0.7604    0.5298    0.6405
 0.2091    0.3798    0.7833    0.6808    0.4611    0.5678    0.7942
 0.0592    0.6029    0.0503    0.4154    0.3050    0.8744    0.0150
 0.7680    0.9708    0.9901    0.7889    0.4387    0.4983    0.2140
 0.6435    0.3200    0.9601    0.7266    0.4120    0.7446    0.2679
 0.4399    0.9334    0.6833    0.2126    0.8392    0.6288    0.1338
 0.2071
	21     4    31
    14    34     2
    14    34    20
    13    36    40
    26     7     2
    26     7     9
    26    37     2
    22    49    46
    32    21    31
    32    21    29
    11    14     2
    11     7     2
    11    32    29
    11    32    14
    44    27    17
    44    27    38
    18    14    20
    18    13    20
    18    44    17
    18    32    14
    18    32    31
    18    44    31
    43    13    40
    43    16    40
     8    34     2
     8    37     2
    15    26    49
    15    26    37
    47    27    17
    47    36    38
    47    27    38
    42     9    46
    42    26     9
    42    49    46
    42    26    49
    30    38    31
    30    44    31
    30    44    38
    12    47    36
    12    47    17
    12    13    36
    12    18    17
    12    18    13
    23    11     7
    23    11    29
     5     7     9
     5    23     7
     5    23    48
    19    43    13
    19    43    16
    19    13    20
     6     8    34
     6     1     8
    50     1     8
    50     8    37
    50    15    37
    50    24    15
    50    24    28
     3    15    49
     3    24    15
     3    22    49
     3    22    28
     3    24    28
    41    23    29
    41    23    48
    41    21    29
    41    39    48
    41    21     4
    41    39     4
    45     9    46
    45     4    46
    45    39     4
    45     5     9
    45     5    48
    45    39    48
    25     6     1
    25     1    16
    25    19    16
    33    34    20
    33     6    34
    33    25     6
    33    19    20
    33    25    19
    35     1    16
    35    50    28
    35    16    40
    10    50     1
    10    35     1
    10    35    50