%!PS-Adobe-2.0 EPSF-1.2
%%Title: Geomview Snapshot
%%Creator: Geomview
%%CreationDate: Fri Nov  5 08:33:15 2010
%%For: trlinm
%%BoundingBox: 18 108 594 684
%%EndComments
gsave
1 setlinecap 1 setlinejoin
18.000000 108.000000 translate
1.280000 1.280000 scale
[  % stack mark
/poly {
  setrgbcolor newpath moveto
  counttomark 2 idiv { lineto } repeat closepath fill
} bind def
/epoly {
  setrgbcolor newpath moveto
  counttomark 4 sub 2 idiv { lineto } repeat closepath
gsave fill grestore setrgbcolor setlinewidth stroke
} bind def
/lines {
  setlinewidth setrgbcolor newpath moveto
  counttomark 2 idiv { lineto } repeat stroke
} bind def
/clines {
  setlinewidth setrgbcolor newpath moveto
  counttomark 2 idiv { lineto } repeat closepath stroke
} bind def
/circ {
  setrgbcolor newpath 0 360 arc fill
} bind def
/tri {
  setrgbcolor newpath moveto lineto lineto
  closepath fill
} bind def
/l {
  setrgbcolor newpath moveto lineto stroke
} bind def
%
0 0 moveto 450 0 lineto 450 450 lineto 0 450 lineto
0.333333 0.333333 0.333333 setrgbcolor closepath fill
140.163 139.924 134.368 135.324 153.233 141.429 156.183 133.531 0.509804 0.509804 0.509804 poly
156.183 133.531 153.233 141.429 171.39 141.658 172.453 127.037 0.509804 0.509804 0.509804 poly
0 setlinewidth
293.884 78.5775 140.163 139.924 0 0 0 l
172.453 127.037 171.39 141.658 188.884 137.004 188.98 120.442 0.6 0.6 0.6 poly
134.368 135.324 128.362 130.556 149.459 146.469 153.233 141.429 0.572549 0.572549 0.572549 poly
188.98 120.442 188.884 137.004 205.829 128.592 205.77 113.742 0.592157 0.592157 0.592157 poly
205.77 113.742 205.829 128.592 222.403 117.617 222.828 106.934 0.572549 0.572549 0.572549 poly
153.233 141.429 149.459 146.469 169.161 152.074 171.39 141.658 0.576471 0.576471 0.576471 poly
0 setlinewidth
195.034 417.606 140.163 139.924 0 0 0 l
128.362 130.556 122.131 125.61 144.823 148.401 149.459 146.469 0.552941 0.552941 0.552941 poly
222.828 106.934 222.403 117.617 238.844 105.3 240.162 100.017 0.541176 0.541176 0.541176 poly
0 setlinewidth
79.2519 91.5713 140.163 139.924 0 0 0 l
240.162 100.017 238.844 105.3 255.447 92.8615 257.778 92.9865 0.486275 0.486275 0.486275 poly
171.39 141.658 169.161 152.074 187.493 148.965 188.884 137.004 0.639216 0.639216 0.639216 poly
257.778 92.9865 255.447 92.8615 272.568 81.5078 275.683 85.8411 0.392157 0.392157 0.392157 poly
188.884 137.004 187.493 148.965 204.634 139.124 205.829 128.592 0.588235 0.588235 0.588235 poly
122.131 125.61 115.663 120.476 139.291 146.99 144.823 148.401 0.509804 0.509804 0.509804 poly
149.459 146.469 144.823 148.401 165.685 157.817 169.161 152.074 0.552941 0.552941 0.552941 poly
275.683 85.8411 272.568 81.5078 290.623 72.4421 293.884 78.5775 0.478431 0.478431 0.478431 poly
205.829 128.592 204.634 139.124 220.899 124.738 222.403 117.617 0.517647 0.517647 0.517647 poly
222.403 117.617 220.899 124.738 236.715 108.053 238.844 105.3 0.439216 0.439216 0.439216 poly
238.844 105.3 236.715 108.053 252.61 91.2856 255.447 92.8615 0.337255 0.337255 0.337255 poly
169.161 152.074 165.685 157.817 184.703 155.774 187.493 148.965 0.631373 0.631373 0.631373 poly
255.447 92.8615 252.61 91.2856 269.206 76.5852 272.568 81.5078 0.396078 0.396078 0.396078 poly
115.663 120.476 108.945 115.143 132.841 142.025 139.291 146.99 0.466667 0.466667 0.466667 poly
272.568 81.5078 269.206 76.5852 287.233 66.0646 290.623 72.4421 0.462745 0.462745 0.462745 poly
144.823 148.401 139.291 146.99 160.898 158.456 165.685 157.817 0.509804 0.509804 0.509804 poly
187.493 148.965 184.703 155.774 202.086 144.844 204.634 139.124 0.552941 0.552941 0.552941 poly
204.634 139.124 202.086 144.844 218.24 127.939 220.899 124.738 0.427451 0.427451 0.427451 poly
220.899 124.738 218.24 127.939 233.727 108.067 236.715 108.053 0.294118 0.294118 0.294118 poly
236.715 108.053 233.727 108.067 249.239 88.1641 252.61 91.2856 0.352941 0.352941 0.352941 poly
252.61 91.2856 249.239 88.1641 265.584 71.0404 269.206 76.5852 0.376471 0.376471 0.376471 poly
108.945 115.143 101.962 109.599 125.458 133.32 132.841 142.025 0.415686 0.415686 0.415686 poly
165.685 157.817 160.898 158.456 180.429 156.929 184.703 155.774 0.545098 0.545098 0.545098 poly
269.206 76.5852 265.584 71.0404 283.707 59.4306 287.233 66.0646 0.454902 0.454902 0.454902 poly
139.291 146.99 132.841 142.025 154.754 153.621 160.898 158.456 0.466667 0.466667 0.466667 poly
184.703 155.774 180.429 156.929 198.1 145.298 202.086 144.844 0.45098 0.45098 0.45098 poly
0 setlinewidth
382.509 369.283 293.884 78.5775 0 0 0 l
202.086 144.844 198.1 145.298 214.358 126.89 218.24 127.939 0.439216 0.439216 0.439216 poly
218.24 127.939 214.358 126.89 229.834 105.144 233.727 108.067 0.380392 0.380392 0.380392 poly
233.727 108.067 229.834 105.144 245.308 83.4025 249.239 88.1641 0.372549 0.372549 0.372549 poly
101.962 109.599 94.6969 103.832 117.142 120.729 125.458 133.32 0.392157 0.392157 0.392157 poly
0 setlinewidth
259.161 13.251 293.884 78.5775 0 0 0 l
249.239 88.1641 245.308 83.4025 261.688 64.839 265.584 71.0404 0.396078 0.396078 0.396078 poly
265.584 71.0404 261.688 64.839 280.036 52.5241 283.707 59.4306 0.45098 0.45098 0.45098 poly
160.898 158.456 154.754 153.621 174.612 152.003 180.429 156.929 0.439216 0.439216 0.439216 poly
132.841 142.025 125.458 133.32 147.234 143.023 154.754 153.621 0.415686 0.415686 0.415686 poly
180.429 156.929 174.612 152.003 192.613 140.1 198.1 145.298 0.694118 0.694118 0.694118 poly
94.6969 103.832 87.1332 97.8277 107.903 104.145 117.142 120.729 0.470588 0.470588 0.470588 poly
198.1 145.298 192.613 140.1 209.198 121.298 214.358 126.89 0.580392 0.580392 0.580392 poly
229.834 105.144 224.997 99.1008 240.793 76.9079 245.308 83.4025 0.419608 0.419608 0.419608 poly
214.358 126.89 209.198 121.298 224.997 99.1008 229.834 105.144 0.458824 0.458824 0.458824 poly
245.308 83.4025 240.793 76.9079 257.505 57.9445 261.688 64.839 0.419608 0.419608 0.419608 poly
125.458 133.32 117.142 120.729 138.343 126.468 147.234 143.023 0.392157 0.392157 0.392157 poly
154.754 153.621 147.234 143.023 167.221 140.67 174.612 152.003 0.482353 0.482353 0.482353 poly
261.688 64.839 257.505 57.9445 276.211 45.3281 280.036 52.5241 0.458824 0.458824 0.458824 poly
174.612 152.003 167.221 140.67 185.59 128.946 192.613 140.1 0.627451 0.627451 0.627451 poly
87.1332 97.8277 79.2519 91.5713 97.7645 83.5121 107.903 104.145 0.576471 0.576471 0.576471 poly
117.142 120.729 107.903 104.145 128.117 103.879 138.343 126.468 0.470588 0.470588 0.470588 poly
192.613 140.1 185.59 128.946 202.724 110.924 209.198 121.298 0.611765 0.611765 0.611765 poly
147.234 143.023 138.343 126.468 158.26 122.727 167.221 140.67 0.513725 0.513725 0.513725 poly
209.198 121.298 202.724 110.924 219.183 89.7741 224.997 99.1008 0.588235 0.588235 0.588235 poly
224.997 99.1008 219.183 89.7741 235.669 68.5895 240.793 76.9079 0.529412 0.529412 0.529412 poly
240.793 76.9079 235.669 68.5895 253.019 50.3188 257.505 57.9445 0.47451 0.47451 0.47451 poly
257.505 57.9445 253.019 50.3188 272.222 37.824 276.211 45.3281 0.478431 0.478431 0.478431 poly
107.903 104.145 97.7645 83.5121 116.622 75.3027 128.117 103.879 0.576471 0.576471 0.576471 poly
167.221 140.67 158.26 122.727 177.024 111.641 185.59 128.946 0.67451 0.67451 0.67451 poly
138.343 126.468 128.117 103.879 147.772 98.1179 158.26 122.727 0.619608 0.619608 0.619608 poly
185.59 128.946 177.024 111.641 194.92 95.5899 202.724 110.924 0.8 0.8 0.8 poly
0 setlinewidth
382.509 369.283 195.034 417.606 0 0 0 l
202.724 110.924 194.92 95.5899 212.37 77.0263 219.183 89.7741 0.768627 0.768627 0.768627 poly
219.183 89.7741 212.37 77.0263 229.916 58.3603 235.669 68.5895 0.666667 0.666667 0.666667 poly
128.117 103.879 116.622 75.3027 135.835 66.9387 147.772 98.1179 0.784314 0.784314 0.784314 poly
235.669 68.5895 229.916 58.3603 248.216 41.9216 253.019 50.3188 0.568627 0.568627 0.568627 poly
158.26 122.727 147.772 98.1179 166.944 88.1105 177.024 111.641 0.792157 0.792157 0.792157 poly
253.019 50.3188 248.216 41.9216 268.059 29.9914 272.222 37.824 0.509804 0.509804 0.509804 poly
177.024 111.641 166.944 88.1105 185.791 75.1971 194.92 95.5899 0.913725 0.913725 0.913725 poly
0 setlinewidth
259.161 13.251 79.2519 91.5713 0 0 0 l
147.772 98.1179 135.835 66.9387 155.413 58.4158 166.944 88.1105 0.87451 0.87451 0.87451 poly
194.92 95.5899 185.791 75.1971 204.545 60.7503 212.37 77.0263 0.929412 0.929412 0.929412 poly
212.37 77.0263 204.545 60.7503 223.513 46.1382 229.916 58.3603 0.819608 0.819608 0.819608 poly
166.944 88.1105 155.413 58.4158 175.367 49.7294 185.791 75.1971 0.921569 0.921569 0.921569 poly
229.916 58.3603 223.513 46.1382 243.079 32.7104 248.216 41.9216 0.662745 0.662745 0.662745 poly
185.791 75.1971 175.367 49.7294 195.706 40.8748 204.545 60.7503 0.945098 0.945098 0.945098 poly
248.216 41.9216 243.079 32.7104 263.709 21.8084 268.059 29.9914 0.552941 0.552941 0.552941 poly
0 setlinewidth
133.761 422.602 195.034 417.606 0 0 0 l
204.545 60.7503 195.706 40.8748 216.444 31.8469 223.513 46.1382 0.905882 0.905882 0.905882 poly
223.513 46.1382 216.444 31.8469 237.592 22.6408 243.079 32.7104 0.737255 0.737255 0.737255 poly
0 setlinewidth
133.761 422.602 79.2519 91.5713 0 0 0 l
243.079 32.7104 237.592 22.6408 259.161 13.251 263.709 21.8084 0.607843 0.607843 0.607843 poly
0 setlinewidth
362.152 362.534 382.509 369.283 0 0 0 l
0 setlinewidth
362.152 362.534 259.161 13.251 0 0 0 l
0 setlinewidth
362.152 362.534 133.761 422.602 0 0 0 l
pop
grestore
showpage

